camera_matrix:
  cols: 3
  data: [305.5426741118696, 0.0, 338.997856601867, 0.0, 303.9290704837762, 237.26607319895734,
    0.0, 0.0, 1.0]
  rows: 3
camera_name: marschla2/camera_node
distortion_coefficients:
  cols: 5
  data: [-0.2605494709834985, 0.05214260256202745, 0.00018188968808328468, -0.0004161440171003543,
    0.0]
  rows: 1
distortion_model: plumb_bob
image_height: 480
image_width: 640
projection_matrix:
  cols: 4
  data: [215.82301330566406, 0.0, 338.7089992509209, 0.0, 0.0, 240.93252563476562,
    235.81058178406965, 0.0, 0.0, 0.0, 1.0, 0.0]
  rows: 3
rectification_matrix:
  cols: 3
  data: [1.0, 0.0, 0.0, 0.0, 1.0, 0.0, 0.0, 0.0, 1.0]
  rows: 3
